[bg.jpg]
filters=PicnikTint=1,0.000000,0080cfff;PicnikTint=1,0.000000,0080cfff;
moddate=3e73cac53092c101
width=1920
height=1080
textactive=0
